10711 0.031023 12276 0.151031 12279 0.817946
3967 0.049348 12287 0.022380 12288 0.928272
4091 0.008008 12298 0.569997 12297 0.421996
7847 0.142350 7845 0.739211 10069 0.118439
12312 0.357975 12296 0.595454 3927 0.046570
12304 0.205608 12307 0.745120 3925 0.049272
12331 0.240936 12326 0.676872 3466 0.082193
12084 0.000000 12085 0.121907 12082 0.878093
12316 0.500903 12318 0.401184 3735 0.097913
12336 0.603741 12330 0.284120 971 0.112139
12352 0.876975 3921 0.000000 3920 0.123025
10710 0.113354 12272 0.598919 12276 0.287726
11880 0.003047 12277 0.996953 12275 0.000000
11880 0.065590 12277 0.934410 12275 0.000000
12265 0.897525 12281 0.088769 4578 0.013706
4578 0.000000 5753 0.000000 12265 1.000000
4578 0.000000 5753 0.000000 12265 1.000000
12263 0.125162 12269 0.863078 10686 0.011761
12268 0.107125 12266 0.892875 4108 0.000000
3970 0.024481 12289 0.958835 12300 0.016684
6575 0.371018 9460 0.625554 9457 0.003428
7782 0.046711 11127 0.188055 11125 0.765234
7358 0.213426 7369 0.447410 7366 0.339163
7174 0.000000 7177 0.225745 7348 0.774255
7317 0.635919 7207 0.000000 7176 0.364081
7334 0.381058 7335 0.618942 7336 0.000000
7367 0.546286 7368 0.200549 7220 0.253165
7149 0.395931 7148 0.604069 12232 0.000000
7146 0.436777 7145 0.563223 12229 0.000000
7152 0.443606 7151 0.556394 12235 0.000000
12013 0.288097 12014 0.711903 12238 0.000000
11310 0.602028 11309 0.353445 7217 0.044526
9736 0.014358 9734 0.557948 9733 0.427694
11992 0.313636 11993 0.686364 12217 0.000000
8769 0.387769 8766 0.064864 8767 0.547367
7616 0.204521 7615 0.738896 10846 0.056583
9442 0.345245 9914 0.125059 9904 0.529696
10678 0.701664 10672 0.033157 10731 0.265179
11897 0.071945 11896 0.928055 10754 0.000000
10670 0.565814 10628 0.392221 10635 0.041965
10673 0.183552 10679 0.562257 10720 0.254191
11902 0.203341 11900 0.796659 10759 0.000000
11906 0.397669 11904 0.602331 10764 0.000000
10663 0.097993 10661 0.622266 10660 0.279741
10097 0.147165 10096 0.383363 7829 0.469472
7835 0.342261 7833 0.290586 10055 0.367152
10924 0.491977 10923 0.152675 10839 0.355348
6792 0.000000 6629 0.680671 6630 0.319329
9758 0.337172 6606 0.307182 6605 0.355646
6610 0.712897 6611 0.076456 6609 0.210647
6814 0.364778 6817 0.000000 6815 0.635222
7839 0.148157 7842 0.569246 10053 0.282597
10916 0.351608 10915 0.418645 10831 0.229747
10920 0.314608 10919 0.437246 10835 0.248146
8715 0.297760 9813 0.415178 9815 0.287061
7110 0.007314 7113 0.809669 7564 0.183017
7304 0.578142 7413 0.088343 6687 0.333515
10167 0.693338 10160 0.124583 10165 0.182079
8417 0.258557 8415 0.252758 8416 0.488685
6592 0.608730 9435 0.391270 9434 0.000000
8075 0.437274 8076 0.562726 8077 0.000000
10737 0.281234 10692 0.500495 11885 0.218271
11887 0.185799 11888 0.381355 10741 0.432846
7579 0.591832 7576 0.013616 7593 0.394552
6604 0.212314 10115 0.075319 10110 0.712367
6659 0.335064 7123 0.026260 10828 0.638676
7091 0.432098 7094 0.408900 7095 0.159001
7072 0.545135 7069 0.264145 9873 0.190721
7591 0.321064 8720 0.033225 8721 0.645711
7078 0.133387 7081 0.354403 7079 0.512210
7634 0.283284 7635 0.452217 7460 0.264498
9791 0.817970 11123 0.131004 11075 0.051026
10776 0.174434 10778 0.322815 10779 0.502750
10805 0.154915 10806 0.755845 10801 0.089240
11906 0.585061 11904 0.414939 10764 0.000000
9481 0.118738 9486 0.881262 9487 0.000000
10741 0.324080 10737 0.315200 11887 0.360720
11895 0.410293 11893 0.405163 10748 0.184544
11887 0.059198 11888 0.735052 10741 0.205750
8097 0.346136 9467 0.475457 9466 0.178408
11906 0.667309 11904 0.332691 10764 0.000000
11902 0.320626 11900 0.679374 10759 0.000000
11897 0.140771 11896 0.859229 10754 0.000000
9717 0.466221 9716 0.322714 10614 0.211065
10713 0.292239 10665 0.117435 10664 0.590326
11881 0.066430 11899 0.933570 10757 0.000000
11881 0.095981 11899 0.904019 10757 0.000000
11881 0.132460 11899 0.778054 10757 0.089486
11903 0.024470 11905 0.975530 10766 0.000000
11905 0.863200 11907 0.136800 10769 0.000000
11905 0.549825 11907 0.450175 10769 0.000000
10728 0.397073 10727 0.116772 10811 0.486155
9955 0.167874 9947 0.574155 9946 0.257970
9826 0.488692 9832 0.243356 11254 0.267952
3324 0.010869 12295 0.236797 12286 0.752335
11907 0.131113 11895 0.868887 10751 0.000000
10747 0.443112 10743 0.423496 11890 0.133392
10225 0.520421 10216 0.155486 10219 0.324093
9475 0.301851 9474 0.377321 9476 0.320828
9483 0.590596 10224 0.214813 10139 0.194591
6795 0.681879 6798 0.262906 7528 0.055215
6807 0.221739 6804 0.261275 6803 0.516987
10176 0.323453 10173 0.536395 10174 0.140153
8393 0.325966 8390 0.038609 8389 0.635426
9886 0.362138 8399 0.143997 8402 0.493865
7653 0.217349 7652 0.615694 7657 0.166957
10647 0.000000 10641 0.733499 10640 0.266501
7646 0.558309 7570 0.320474 7114 0.121217
7433 0.238244 10045 0.306363 8136 0.455392
8148 0.337672 8145 0.331926 10051 0.330402
7320 0.231764 7323 0.375253 7340 0.392983
11314 0.047444 11313 0.336421 7660 0.616135
7374 0.808967 7221 0.191033 7220 0.000000
7420 0.000000 11056 0.359415 11055 0.640585
6787 0.210179 6790 0.385327 6788 0.404494
8116 0.390583 8113 0.173159 8115 0.436258
7474 0.838626 7477 0.062787 11317 0.098587
7663 0.196791 7602 0.184870 10851 0.618339
10855 0.338121 10854 0.385374 7585 0.276506
7649 0.408087 7648 0.448333 10858 0.143580
6796 0.000000 7629 0.189109 7617 0.810891
10863 0.454360 10862 0.000000 7628 0.545640
10954 0.084145 10955 0.584550 7623 0.331305
7483 0.748816 7481 0.117985 10007 0.133199
10842 0.356779 10843 0.134641 10927 0.508579
12300 0.044613 12289 0.234118 10098 0.721269
6621 0.921365 6619 0.078635 6618 0.000000
11115 0.176203 8774 0.230294 8773 0.593503
10949 0.339338 10948 0.214538 10864 0.446124
9471 0.728042 9472 0.000000 9473 0.271958
11306 0.034837 11305 0.913324 7419 0.051839
8120 0.339600 8119 0.188940 11299 0.471459
10018 0.279849 10017 0.479294 11324 0.240857
7223 0.543622 7371 0.000000 7385 0.456378
10142 0.063945 10094 0.678994 10140 0.257060
9993 0.218814 9992 0.678300 11270 0.102886
9996 0.644551 9995 0.297086 10087 0.058363
10013 0.108817 10010 0.167597 11320 0.723585
11267 0.188559 11266 0.084079 8017 0.727362
7783 0.116825 7785 0.831958 7786 0.051216
9737 0.454002 9738 0.134482 9741 0.411516
9455 0.220948 9453 0.581090 9452 0.197962
9776 0.770367 9439 0.023182 9438 0.206451
7470 0.424826 7472 0.446608 7611 0.128566
12194 0.674922 12195 0.195436 12155 0.129642
12153 0.436930 12152 0.563070 12192 0.000000
11895 0.006946 11893 0.993054 10748 0.000000
8404 0.379472 8406 0.306336 8405 0.314192
9691 0.687847 9690 0.002409 9712 0.309744
9701 0.135440 9979 0.284942 9980 0.579618
9985 0.175851 9988 0.466601 9989 0.357548
12335 0.357103 12333 0.538416 1570 0.104482
9973 0.024340 12256 0.567583 12257 0.408077
12150 0.277215 12151 0.722285 12007 0.000499
12005 0.000000 12004 0.592566 12148 0.407434
6760 0.000000 7306 1.000000 6666 0.000000
7494 0.463803 7495 0.017169 7465 0.519028
12142 0.000000 12141 0.000000 11997 1.000000
12056 0.000000 12054 0.604876 12052 0.395124
12057 1.000000 12059 0.000000 12062 0.000000
12107 0.000000 12074 1.000000 12071 0.000000
12101 0.000000 12080 0.907318 12077 0.092682
7813 0.120986 7814 0.409175 7779 0.469838
12076 0.046858 12079 0.505991 12196 0.447152
10218 0.000000 12283 0.718364 12293 0.281636
9940 0.143221 9937 0.360741 9938 0.496038
9435 0.083033 8094 0.916967 8093 0.000000
10217 0.215621 10223 0.390832 10222 0.393548
12320 0.503627 12321 0.353270 4157 0.143103
10377 0.372420 10361 0.354165 9990 0.273415
10206 0.171551 10210 0.560321 10233 0.268128
9702 0.259943 9705 0.546494 9713 0.193563
8023 0.452021 8020 0.106114 8022 0.441865
7306 0.670057 7410 0.268705 7303 0.061238
7508 0.227965 7504 0.502052 7503 0.269983
9975 0.029183 12257 0.119653 12258 0.851164
9698 0.041505 9697 0.941964 9740 0.016531
8728 0.100696 8729 0.566922 11258 0.332381
11898 0.200617 11901 0.770768 10760 0.028615
11898 0.065133 11901 0.934867 10760 0.000000
11901 0.913794 11903 0.086206 10763 0.000000
10722 0.554501 10723 0.339917 10666 0.105582
10622 0.301978 10618 0.473172 9723 0.224850
10749 0.077899 10747 0.027634 11892 0.894467
11890 0.243779 11892 0.536678 10747 0.219542
11890 0.621610 11892 0.253889 10747 0.124501
7722 0.241606 7721 0.437721 7719 0.320673
6822 0.788958 6825 0.205950 8004 0.005091
7545 0.031030 7546 0.635789 10868 0.333181
6645 0.219246 6644 0.535490 6646 0.245264
11028 0.000000 11027 0.925423 6758 0.074577
11890 0.018632 11892 0.981368 10747 0.000000
8012 0.049425 8009 0.296433 8008 0.654142
7558 0.518138 7556 0.124791 7625 0.357072
9745 0.241793 9744 0.009374 9726 0.748833
3949 0.058831 12311 0.268771 12309 0.672398
6768 0.191164 7854 0.217246 7853 0.591589
12313 0.536490 12306 0.402426 1869 0.061084
8123 0.950923 8124 0.041936 8125 0.007141
12259 0.432678 12260 0.520913 10241 0.046409
12261 0.065182 12267 0.869152 10237 0.065666
9711 0.821229 9709 0.061437 9708 0.117334
11277 0.127060 11276 0.183012 10371 0.689928
9921 0.486786 9918 0.047500 9920 0.465714
10122 0.371559 10123 0.286810 10120 0.341631
7536 0.368258 7539 0.124449 9915 0.507292
9926 0.380385 9924 0.438445 9923 0.181170
7703 0.686314 7704 0.237906 7706 0.075780
9707 0.481744 9704 0.367579 9703 0.150677
6616 0.235621 6617 0.000000 6614 0.764379
10372 0.190156 10374 0.598089 10375 0.211755
10121 0.239585 10204 0.136698 10207 0.623717
10192 0.300278 10189 0.500898 10190 0.198824
6833 0.016075 6830 0.708678 6832 0.275246
10032 0.160447 10033 0.257745 10031 0.581807
11262 0.574508 11261 0.053060 8412 0.372432
7711 0.434724 7713 0.408458 10198 0.156817
7514 0.274223 7515 0.489986 7512 0.235791
8097 0.675188 9467 0.007028 9466 0.317785
9435 0.207786 8094 0.734879 8093 0.057334
10145 0.357138 10147 0.422791 7834 0.220072
6711 0.000000 7377 0.748598 6649 0.251402
11051 0.020641 11050 0.511278 7408 0.468081
12247 0.667571 12246 0.067624 12022 0.264805
12244 0.176619 12243 0.372677 12019 0.450704
12028 0.654196 12016 0.345804 12240 0.000000
7211 0.000000 11026 0.682353 11025 0.317647
11116 0.068199 9820 0.240598 10003 0.691203
10885 0.475262 7324 0.240412 7330 0.284326
10882 0.729823 7208 0.089777 7326 0.180400
10878 0.096096 10880 0.436697 10941 0.467207
10943 0.262033 10944 0.529667 10876 0.208299
10945 0.170483 10946 0.277401 10874 0.552116
6637 0.115195 6636 0.834215 10947 0.050590
9818 0.554881 9817 0.179139 9822 0.265980
6599 0.091725 6596 0.340384 6597 0.567891
10071 0.396838 10075 0.298251 10074 0.304911
10149 0.102602 10151 0.100949 7830 0.796449
10909 0.445401 10908 0.101422 7822 0.453177
9469 0.169271 9468 0.830729 7821 0.000000
10228 0.221090 10136 0.000000 10137 0.778910
6566 0.040078 10098 0.312208 10906 0.647714
9459 0.633563 9455 0.233039 9454 0.133399
7223 0.000000 7372 0.529460 7373 0.470540
6640 0.414685 6638 0.585315 7130 0.000000
7131 0.807367 7133 0.125436 7548 0.067197
12094 0.000000 12086 0.558559 12083 0.441441
11992 0.162215 11993 0.837785 12217 0.000000
3941 0.061578 1717 0.804002 1719 0.134420
6070 0.000000 5957 0.238230 5954 0.761770
3329 0.000000 3332 0.686764 447 0.313236
4997 0.812600 4999 0.047063 1654 0.140337
1238 0.287453 1241 0.539359 1230 0.173188
1051 0.069731 1049 0.187461 1220 0.742808
1048 0.355461 1079 0.161948 1189 0.482591
1206 0.436053 1207 0.392796 1199 0.171151
1092 0.252907 1240 0.122101 1239 0.624991
6104 0.000000 1020 0.490495 1021 0.509505
1052 0.000000 1018 0.573244 1017 0.426756
6107 0.000000 1023 0.435611 1024 0.564389
6110 0.000000 5886 0.834965 5885 0.165035
1089 0.054544 5181 0.194262 5182 0.751194
3606 0.580674 3605 0.372331 3604 0.046995
6089 0.000000 5865 0.773507 5864 0.226493
2639 0.478381 2638 0.194203 2641 0.327417
1485 0.126048 1488 0.019374 1487 0.854579
3776 0.564019 3786 0.151349 3314 0.284632
4603 0.264714 4544 0.033160 4550 0.702126
4626 0.000000 5768 0.990751 5769 0.009249
4507 0.044793 4500 0.329433 4542 0.625774
4592 0.390095 4551 0.452344 4545 0.157561
4631 0.000000 5772 0.875807 5774 0.124193
4636 0.000000 5776 0.686145 5778 0.313855
4532 0.333371 4533 0.666629 4535 0.000000
1701 0.486362 3968 0.360039 3969 0.153599
3927 0.342814 1705 0.320907 1707 0.336279
4796 0.625193 4712 0.042592 4711 0.332215
502 0.293578 501 0.679803 664 0.026619
477 0.362818 478 0.361497 3630 0.275685
481 0.224641 483 0.130200 482 0.645159
687 0.674992 689 0.000000 686 0.325008
3925 0.243272 1714 0.611880 1711 0.144847
4703 0.148858 4787 0.370300 4788 0.480842
4707 0.197983 4791 0.328243 4792 0.473774
3687 0.244199 3685 0.568980 2587 0.186822
988 0.148464 985 0.684591 1436 0.166945
553 0.215744 556 0.533412 1176 0.250844
4608 0.000000 5754 1.000000 5755 0.000000
2288 0.430556 2287 0.215334 2289 0.354109
3306 0.000000 3307 0.327674 464 0.672326
4072 0.008711 1947 0.474420 1948 0.516869
5757 0.229019 4564 0.315144 4609 0.455837
4613 0.415590 5760 0.514386 5759 0.070024
1451 0.462215 1467 0.136078 1465 0.401708
3982 0.705730 3987 0.153070 476 0.141200
531 0.293150 533 0.085306 4700 0.621544
967 0.040975 966 0.545064 963 0.413961
3745 0.388891 941 0.081539 944 0.529571
1463 0.243676 1464 0.021708 2593 0.734616
951 0.324459 953 0.551715 950 0.123826
1332 0.312090 1507 0.276957 1506 0.410953
3662 0.009017 3663 0.715500 4995 0.275482
4651 0.482814 4650 0.326412 4648 0.190775
4673 0.059904 4678 0.721655 4677 0.218441
4636 0.000000 5776 0.496872 5778 0.503128
3359 0.000000 3358 0.924035 3353 0.075965
5759 0.382812 4609 0.125967 4613 0.491221
4620 0.076750 5765 0.392099 5767 0.531150
4615 0.159940 5762 0.000000 5760 0.840060
3338 0.183068 3339 0.431223 1969 0.385709
4636 0.000000 5776 0.417528 5778 0.582472
4631 0.000000 5772 0.759792 5774 0.240208
4626 0.000000 5768 0.920428 5769 0.079572
4486 0.225137 3588 0.360884 3589 0.413979
4536 0.621256 4537 0.087979 4585 0.290765
4629 0.000000 5771 0.938693 5753 0.061307
4629 0.000000 5771 0.910787 5753 0.089213
4629 0.072090 5771 0.797711 5753 0.130200
4641 0.000000 5779 0.039843 5777 0.960157
4641 0.000000 5779 0.155578 5777 0.844422
4641 0.000000 5779 0.466303 5777 0.533697
4683 0.496515 4599 0.141831 4600 0.361654
3818 0.230276 3819 0.665657 3827 0.104067
5126 0.170136 3704 0.316192 3698 0.513672
4623 0.000000 5767 0.878015 5779 0.121985
5762 0.155656 4615 0.283127 4619 0.561218
4091 0.292803 4088 0.186053 4097 0.521144
3348 0.284517 3346 0.569879 3347 0.145604
4011 0.130419 4096 0.286971 3355 0.582610
1400 0.076810 670 0.310694 667 0.612495
675 0.473846 676 0.262428 679 0.263726
4046 0.132467 4045 0.465225 4048 0.402307
2265 0.238793 2264 0.040549 2261 0.720658
2274 0.497413 2271 0.295751 3758 0.206836
1529 0.306925 1524 0.431428 1525 0.261647
4513 0.731523 4512 0.254749 4510 0.013729
986 0.139555 1442 0.462820 1518 0.397625
2008 0.648789 3917 0.115766 1305 0.235444
3923 0.106643 2017 0.564480 2020 0.328877
1212 0.212390 1195 0.530189 1192 0.257422
1532 0.590727 5185 0.271424 5186 0.137849
1244 0.000000 1246 0.796883 1093 0.203117
4892 0.000000 4927 0.621065 4930 0.378935
660 0.430285 662 0.454817 659 0.114898
1987 0.386655 1985 0.228659 1988 0.384686
5189 0.135484 1349 0.123701 1346 0.740815
4723 0.540172 1474 0.284505 1535 0.175323
1457 0.339899 4726 0.304816 4727 0.355285
4730 0.080421 1520 0.493946 1521 0.425633
1489 0.866897 1501 0.133103 668 0.000000
1500 0.587047 4734 0.000000 4735 0.412953
1495 0.286607 4827 0.547737 4826 0.165656
3879 0.231914 1353 0.000000 1355 0.768086
4799 0.371200 4715 0.386333 4714 0.242468
3970 0.734751 12289 0.214141 12300 0.051108
493 0.905256 491 0.020450 3646 0.074293
2645 0.657528 2646 0.092417 4987 0.250055
4736 0.463982 4820 0.269966 4821 0.266053
3345 0.332148 3344 0.000000 3343 0.667852
1291 0.147102 5177 0.637651 5178 0.215247
5171 0.456663 1991 0.140600 1992 0.402737
5196 0.221848 3889 0.394027 3890 0.384126
1095 0.535252 1094 0.090631 1257 0.374118
4012 0.312177 3966 0.614936 4014 0.072887
5142 0.043748 3864 0.788060 3865 0.168191
3959 0.129879 3867 0.145288 3868 0.724833
5192 0.706917 3882 0.076527 3885 0.216556
5139 0.201792 1888 0.039746 1889 0.758461
1688 0.038268 1655 0.139213 1657 0.822519
3613 0.442380 3610 0.029786 3609 0.527834
3324 0.182505 3325 0.564964 3327 0.252531
3310 0.213538 3311 0.097674 3648 0.688788
1342 0.401831 1344 0.507625 1345 0.090544
6027 0.000000 6067 0.391663 6066 0.608337
6064 0.071823 6024 0.400997 6025 0.527180
4620 0.000000 5765 0.994595 5767 0.005405
2277 0.361327 2278 0.362526 2276 0.276147
3584 0.286490 3562 0.125838 3563 0.587672
3852 0.629648 3851 0.126946 3573 0.243406
3861 0.402120 3860 0.319226 3857 0.278654
5879 0.000000 6023 0.828030 6022 0.171970
6020 0.978576 5876 0.021424 5877 0.000000
1174 0.000000 1178 1.000000 538 0.000000
1366 0.431394 1336 0.113750 1337 0.454855
5869 1.000000 6013 0.000000 6014 0.000000
5923 0.672894 5928 0.327106 5997 0.000000
5937 0.695930 5940 0.304070 5985 0.000000
5946 0.905557 5949 0.094443 5976 0.000000
5952 0.942032 5955 0.057968 5970 0.000000
1651 0.391032 1686 0.438775 1685 0.170193
6068 0.292975 5951 0.707025 5948 0.000000
3810 0.518734 3809 0.303340 3812 0.177925
1965 0.000000 1966 0.864742 3307 0.135258
4094 0.416742 4095 0.377452 4089 0.205806
3862 0.359923 4233 0.291050 4249 0.349026
4105 0.353333 4082 0.501740 4078 0.144927
3585 0.214743 3577 0.453049 3574 0.332208
1894 0.362689 1892 0.096439 1895 0.540872
1178 0.602735 1174 0.014954 1175 0.382311
1375 0.242407 1376 0.438697 1380 0.318896
3612 0.000000 3569 1.000000 3570 0.000000
5130 0.438308 2601 0.427525 2600 0.134167
4632 0.000000 5773 0.799688 5770 0.200312
4632 0.000000 5773 0.948205 5770 0.051795
4635 0.000000 5775 0.103496 5773 0.896504
4690 0.084338 4594 0.500045 4595 0.415617
3595 0.222766 4490 0.416480 4494 0.360754
4621 0.079016 5766 0.112601 5764 0.808383
4619 0.217507 5764 0.617539 5762 0.164954
4619 0.135256 5764 0.306043 5762 0.558701
1591 0.235203 1593 0.474880 1594 0.289917
1876 0.067486 697 0.228666 694 0.703848
4740 0.294784 1418 0.575057 1417 0.130159
518 0.252270 516 0.404450 517 0.343281
630 0.462146 4899 0.537854 4900 0.000000
4621 0.000000 5766 0.089295 5764 0.910705
1880 0.585268 1881 0.279161 1884 0.135570
1497 0.249590 1428 0.243681 1430 0.506729
3598 0.757553 3616 0.046008 3617 0.196440
1725 0.522854 1726 0.305006 640 0.172140
1995 0.922354 1996 0.023159 3643 0.054487
3583 0.823021 3582 0.025853 3580 0.151126
4243 0.797739 5148 0.024179 5149 0.178082
3792 0.491622 3790 0.072008 3793 0.436370
3992 0.345421 3995 0.204580 3994 0.449999
3787 0.568616 1411 0.116776 1408 0.314608
3795 0.222044 3796 0.349687 3798 0.428269
1578 0.150656 1576 0.233462 1575 0.615883
3575 0.206437 3576 0.317218 3579 0.476345
486 0.821595 489 0.000000 488 0.178405
4247 0.304739 4246 0.495574 4244 0.199687
4079 0.705082 4076 0.060733 3993 0.234185
4062 0.127675 4061 0.485224 4064 0.387101
704 0.210148 702 0.677411 705 0.112440
3903 0.538169 3905 0.221470 3904 0.240362
5134 0.533276 713 0.100457 2284 0.366267
4070 0.100236 1585 0.531720 1583 0.368044
1384 0.215368 1387 0.412940 1386 0.371692
1969 0.702329 1968 0.000000 3338 0.297671
1965 0.043114 1966 0.684438 3307 0.272448
1706 0.179077 4019 0.474277 4017 0.346646
1249 0.911167 521 0.088833 522 0.000000
1280 0.747431 1275 0.227519 1276 0.025050
5894 0.282638 6118 0.192352 6119 0.525010
6115 0.559589 5891 0.409151 5890 0.031260
6112 0.000000 5888 0.120675 5900 0.879325
4897 0.100677 4898 0.899323 1083 0.000000
3875 0.635822 3692 0.327077 4988 0.037100
1202 0.284377 1196 0.110163 4757 0.605459
4754 0.819553 4756 0.018831 1198 0.161616
4813 0.533020 4752 0.386262 4750 0.080718
4748 0.182763 4816 0.514987 4815 0.302250
4746 0.567467 4818 0.194806 4817 0.237726
4819 0.060282 508 0.901169 509 0.038549
3694 0.317990 3689 0.048013 3690 0.633997
469 0.552250 468 0.432262 471 0.015488
3946 0.318873 3947 0.355614 3943 0.325513
1702 0.766618 4023 0.140742 4021 0.092640
1694 0.474666 4780 0.083706 4781 0.441629
1693 0.000000 3340 0.809173 3341 0.190827
4009 0.847476 4008 0.000000 4100 0.152524
4778 0.676598 3970 0.292376 438 0.031026
3326 0.114218 3327 0.216408 3331 0.669374
1245 0.394039 1244 0.605961 1095 0.000000
1002 0.000000 510 0.618884 512 0.381116
1420 0.000000 1005 0.217046 1003 0.782954
5955 0.414436 5958 0.585564 5966 0.000000
6089 0.000000 5865 0.942932 5864 0.057068